# oST version 5.0 parameters


[image]

width
1440

height
1080

[narrow_stereo]

camera matrix
1765.682901 0.000000 782.352086
0.000000 1758.799034 565.999397
0.000000 0.000000 1.000000

distortion
-0.060942 0.058542 0.001478 0.002002 0.000000

rectification
1.000000 0.000000 0.000000
0.000000 1.000000 0.000000
0.000000 0.000000 1.000000

projection
1748.264282 0.000000 784.495908 0.000000
0.000000 1747.688965 566.481339 0.000000
0.000000 0.000000 1.000000 0.000000
